Wed Apr 10 11:02:07 2024

N = 1000000000
Q = 100000
FerradaRMQ
2101587264
2 0.364710
4 0.362020
8 0.376060
16 0.387170
32 0.415280
64 0.458550
128 0.528310
256 0.645150
512 0.665800
1024 0.758700
2048 0.838100
4096 0.913680
8192 0.999920
16384 1.097670
32768 1.166600
65536 1.229560
131072 1.312240
262144 1.341000
524288 1.381110
1048576 1.393780
2097152 1.432700
4194304 1.489610
8388608 1.493730
16777216 1.530790
33554432 1.554570
67108864 1.624210
134217728 1.596910
268435456 1.619230
536870912 1.648020
SDSLNEWRMQ
2256738808
2 0.138440
4 0.131100
8 0.137300
16 0.130060
32 0.172030
64 0.297760
128 0.304550
256 0.302210
512 0.314140
1024 0.244210
2048 0.234510
4096 0.182370
8192 0.130610
16384 0.096060
32768 0.059510
65536 0.042950
131072 0.035450
262144 0.030290
524288 0.025930
1048576 0.025230
2097152 0.024810
4194304 0.024470
8388608 0.023950
16777216 0.024150
33554432 0.025510
67108864 0.027090
134217728 0.025990
268435456 0.023280
536870912 0.018130
HyperRMQHuffman 8
2471282208
2 12.050420
4 11.988530
8 11.915450
16 11.744830
32 11.706210
64 11.767330
128 11.862520
256 11.918030
512 12.055220
1024 12.192860
2048 12.482480
4096 12.737800
8192 12.979980
16384 13.290140
32768 13.568530
65536 13.807790
131072 14.075900
262144 14.190350
524288 14.314280
1048576 14.368270
2097152 14.470680
4194304 14.556880
8388608 14.800070
16777216 14.969790
33554432 14.926110
67108864 14.848460
134217728 14.832740
268435456 15.416780
536870912 15.943980
HyperRMQBreadth 64
2217802752
2 4.257570
4 3.904520
8 3.584390
16 3.355390
32 3.204470
64 3.084610
128 2.942710
256 2.894870
512 2.896200
1024 2.928610
2048 2.952950
4096 3.024890
8192 3.170030
16384 3.342110
32768 3.496390
65536 3.669830
131072 3.845960
262144 3.993920
524288 4.103790
1048576 4.191870
2097152 4.322870
4194304 4.466240
8388608 4.594040
16777216 4.725030
33554432 4.849010
67108864 4.972220
134217728 5.132790
268435456 5.253360
536870912 5.088900
HyperRMQBreadth 128
2011478432
2 5.312750
4 4.696780
8 4.071340
16 3.618260
32 3.299200
64 3.113090
128 2.985590
256 2.859830
512 2.809420
1024 2.807280
2048 2.817120
4096 2.858120
8192 2.924130
16384 3.060880
32768 3.204160
65536 3.353150
131072 3.499810
262144 3.651310
524288 3.792860
1048576 3.942950
2097152 4.085600
4194304 4.256950
8388608 4.406520
16777216 4.536870
33554432 4.625660
67108864 4.754610
134217728 4.884930
268435456 4.935360
536870912 4.765440
HyperRMQBreadth 256
1891054456
2 7.555120
4 6.417420
8 5.286280
16 4.382940
32 3.693990
64 3.299710
128 3.084300
256 2.976920
512 2.827420
1024 2.765840
2048 2.766980
4096 2.765030
8192 2.818730
16384 2.865920
32768 2.958370
65536 3.099650
131072 3.237890
262144 3.379050
524288 3.508550
1048576 3.642020
2097152 3.781960
4194304 3.894030
8388608 4.012990
16777216 4.121930
33554432 4.219270
67108864 4.368120
134217728 4.540530
268435456 4.683110
536870912 4.536230
HyperRMQBreadth 512
1822272560
2 11.923150
4 9.942080
8 7.905100
16 6.033790
32 4.645540
64 3.757370
128 3.283590
256 3.063490
512 2.924930
1024 2.753620
2048 2.698010
4096 2.675120
8192 2.652050
16384 2.667520
32768 2.748760
65536 2.847970
131072 2.972880
262144 3.123030
524288 3.269180
1048576 3.404100
2097152 3.531190
4194304 3.703510
8388608 3.797870
16777216 3.915200
33554432 3.970220
67108864 3.979340
134217728 4.084480
268435456 4.143840
536870912 4.178890
HyperRMQBreadth 1024
1783612528
2 20.485010
4 16.838260
8 13.032770
16 9.745160
32 6.980930
64 4.996840
128 3.869180
256 3.309530
512 3.060780
1024 2.897880
2048 2.692700
4096 2.520930
8192 2.467730
16384 2.476830
32768 2.502600
65536 2.547790
131072 2.620980
262144 2.741860
524288 2.860050
1048576 2.981810
2097152 3.118300
4194304 3.215490
8388608 3.337240
16777216 3.477210
33554432 3.581930
67108864 3.655590
134217728 3.778530
268435456 3.982600
536870912 4.129490
HyperRMQDepth 512
1822274288
2 12.102500
4 11.860300
8 11.385440
16 10.692270
32 9.668030
64 8.251240
128 6.418190
256 4.562000
512 3.562260
1024 2.951410
2048 2.761650
4096 2.688540
8192 2.690250
16384 2.693490
32768 2.773230
65536 2.876990
131072 3.026290
262144 3.176180
524288 3.294150
1048576 3.457090
2097152 3.595910
4194304 3.724710
8388608 3.892880
16777216 3.968420
33554432 4.048140
67108864 4.084050
134217728 4.097940
268435456 4.243870
536870912 4.246240
